{
    "cities": [
        {
            "capitala": "Alba Iulia",
            "lat": 45.8666,
            "lon": 23.5666
        },
        {
            "capitala": "Arad",
            "lat": 46.1833,
            "lon": 21.3167
        },
        {
            "capitala": "Pitești",
            "lat": 44.8667,
            "lon": 24.8667
        },
        {
            "capitala": "Bacău",
            "lat": 46.5667,
            "lon": 26.9167
        },
        {
            "capitala": "Oradea",
            "lat": 47.0667,
            "lon": 21.9333
        },
        {
            "capitala": "Bistrița",
            "lat": 47.1,
            "lon": 24.5
        },
        {
            "capitala": "Brașov",
            "lat": 45.65,
            "lon": 25.5833
        },
        {
            "capitala": "Brăila",
            "lat": 45.2667,
            "lon": 27.9667
        },
        {
            "capitala": "Buzău",
            "lat": 45.15,
            "lon": 26.8167
        },
        {
            "capitala": "Reșița",
            "lat": 45.3,
            "lon": 22.9
        },
        {
            "capitala": "Cluj-Napoca",
            "lat": 46.7833,
            "lon": 23.6
        },
        {
            "capitala": "Constanța",
            "lat": 44.1833,
            "lon": 28.6333
        },
        {
            "capitala": "Sfântu Gheorghe",
            "lat": 45.8833,
            "lon": 25.7833
        },
        {
            "capitala": "Târgoviște",
            "lat": 44.9333,
            "lon": 25.45
        },
        {
            "capitala": "Craiova",
            "lat": 44.3333,
            "lon": 23.8167
        },
        {
            "capitala": "Galați",
            "lat": 45.4333,
            "lon": 28.05
        },
        {
            "capitala": "Giurgiu",
            "lat": 43.9,
            "lon": 25.9833
        },
        {
            "capitala": "Târgu Jiu",
            "lat": 45.0333,
            "lon": 23.2833
        },
        {
            "capitala": "Miercurea Ciuc",
            "lat": 46.3667,
            "lon": 25.8
        },
        {
            "capitala": "Deva",
            "lat": 45.8833,
            "lon": 22.9333
        },
        {
            "capitala": "Slobozia",
            "lat": 44.5667,
            "lon": 27.3667
        },
        {
            "capitala": "Iași",
            "lat": 47.1667,
            "lon": 27.6
        },
        {
            "capitala": "Buftea",
            "lat": 44.5333,
            "lon": 25.95
        },
        {
            "capitala": "Baia Mare",
            "lat": 47.65,
            "lon": 23.5833
        },
        {
            "capitala": "Drobeta Turnu Severin",
            "lat": 44.6167,
            "lon": 22.9833
        },
        {
            "capitala": "Târgu Mureș",
            "lat": 46.55,
            "lon": 24.55
        },
        {
            "capitala": "Piatra Neamț",
            "lat": 46.9333,
            "lon": 26.3667
        },
        {
            "capitala": "Slatina",
            "lat": 44.4333,
            "lon": 24.3667
        },
        {
            "capitala": "Ploiești",
            "lat": 44.9333,
            "lon": 26.0333
        },
        {
            "capitala": "Zalău",
            "lat": 47.2,
            "lon": 23.05
        },
        {
            "capitala": "Satu Mare",
            "lat": 47.7833,
            "lon": 22.8833
        },
        {
            "capitala": "Sibiu",
            "lat": 45.8,
            "lon": 24.15
        },
        {
            "capitala": "Suceava",
            "lat": 47.65,
            "lon": 26.25
        },
        {
            "capitala": "Alexandria",
            "lat": 44.1833,
            "lon": 25.3667
        },
        {
            "capitala": "Timișoara",
            "lat": 45.75,
            "lon": 21.2167
        },
        {
            "capitala": "Tulcea",
            "lat": 45.1667,
            "lon": 28.7833
        },
        {
            "capitala": "Vaslui",
            "lat": 46.25,
            "lon": 27.7333
        },
        {
            "capitala": "Râmnicu Vâlcea",
            "lat": 45.1,
            "lon": 24.3667
        },
        {
            "capitala": "Focșani",
            "lat": 45.7,
            "lon": 27.1833
        },
        {
            "capitala": "București",
            "lat": 44.4268,
            "lon": 26.1025
        }
    ],
    "time_matrix": [
        [
            0.0,
            2.2720803022780696,
            1.6401402440035409,
            3.42247133223932,
            2.0267976958739626,
            1.546774424407129,
            2.0282984124630183,
            4.440806235358618,
            3.328162491525917,
            0.8748663440777709,
            0.9173082633444428,
            5.339002507959699,
            2.216762905680262,
            2.1019620477068526,
            1.5535632912758948,
            4.504289561073976,
            3.115759048771261,
            0.880140772831257,
            2.2887060907857966,
            0.6335201496400904,
            4.016279375242714,
            4.2377559592312535,
            2.730985984951222,
            1.7834781888209346,
            1.3793073986606441,
            1.1975437862558505,
            2.996399322520283,
            1.641495933592279,
            2.6373581061357574,
            1.4299759158811076,
            2.0348557147866773,
            0.5871891688374345,
            3.2219793792015485,
            2.464520014120394,
            2.3527910170688786,
            5.263441735214706,
            4.184302146117079,
            1.1080774205803472,
            3.6205351054781922,
            2.916129772489555
        ],
        [
            2.2720803022780696,
            0.0,
            3.78628255152729,
            5.6131092595815355,
            1.0773073470463237,
            3.312663245788801,
            4.29980051281452,
            6.712872377753057,
            5.596222734130586,
            1.8130244841148733,
            2.3608174198781224,
            7.585027063893706,
            4.476663440554807,
            4.318178885826754,
            3.1100643080167982,
            6.774941246239704,
            5.19524921923867,
            2.278160565017315,
            4.487049637568098,
            1.6442005838704707,
            6.262259620935563,
            6.359790440729946,
            4.918329888285251,
            2.6997563686377313,
            2.287310892729714,
            3.254027931656395,
            5.105389309347526,
            3.516390194503449,
            4.879427790222947,
            2.0094794798653703,
            2.2392488829962547,
            2.859109613148819,
            5.146713298795648,
            4.5169126624277345,
            0.44468965582752495,
            7.535488777776794,
            6.416946660990723,
            3.23667095794429,
            5.8864738553738585,
            5.097957815635589
        ],
        [
            1.6401402440035409,
            3.78628255152729,
            0.0,
            2.66317479711715,
            3.6667200002181777,
            2.263205200594944,
            1.061637626499737,
            3.1256999216175543,
            1.9704717430097787,
            2.0138663759048185,
            2.2973646750135215,
            3.8280949726985583,
            1.3688064581963337,
            0.5870898142533197,
            1.1777162476590028,
            3.2333317878003176,
            1.476923982471678,
            1.5921404209428267,
            1.7666490568304725,
            2.184378886548761,
            2.517935662402835,
            3.572244237170799,
            1.1334436245354236,
            3.064942813495871,
            1.8999198825213675,
            1.7128332610035295,
            2.5535926769945134,
            0.6616914386630668,
            1.168499516474011,
            2.9571418261557914,
            3.5270995336111493,
            1.1767360706632546,
            3.1080987403877596,
            0.8467795226621854,
            3.755358689925639,
            3.9280727539087144,
            3.1829097458143525,
            0.5517507498862144,
            2.4619147934077636,
            1.31175975315604
        ],
        [
            3.42247133223932,
            5.6131092595815355,
            2.66317479711715,
            0.0,
            5.008420465575948,
            2.4748429808777765,
            1.618114473700792,
            1.6710774967068387,
            1.4202249434508591,
            4.211698918488833,
            3.3237651015076235,
            2.937228475961646,
            1.3234920173540883,
            2.1952686509855646,
            3.820742802126305,
            1.6027989424753162,
            2.825336165839384,
            3.9437179310898984,
            1.134468549586102,
            4.041597595011161,
            2.0500000000000007,
            0.9093398099720508,
            2.2514938263295328,
            3.505009907261317,
            4.390231834425145,
            2.366758918859289,
            0.6609807561495273,
            3.324739923663197,
            1.8569844156588873,
            3.9182186998686013,
            4.212888690672945,
            2.8709680910800803,
            1.2720172090030861,
            2.843078535672197,
            5.758211431512392,
            2.3332800003428655,
            0.8758621181441746,
            2.9417186966125723,
            0.9067769571399521,
            2.2895618904061075
        ],
        [
            2.0267976958739626,
            1.0773073470463237,
            3.6667200002181777,
            5.008420465575948,
            0.0,
            2.5669160056378946,
            3.915295504811867,
            6.296182618063106,
            5.246078006473027,
            2.0138862380978724,
            1.690622503695017,
            7.294106906263436,
            4.027770544606533,
            4.113219475058434,
            3.319438374183197,
            6.331035811776775,
            5.141059121426245,
            2.4407407809925257,
            3.929550723683308,
            1.5493339084909996,
            5.980956074073779,
            5.6675822790675054,
            4.7488940238754545,
            1.7500682529547265,
            2.6655205870523644,
            2.667226608295592,
            4.435406533791466,
            3.5855586900788534,
            4.621838980319413,
            1.1246278406655266,
            1.1899645204794966,
            2.553093766394019,
            4.35593133325125,
            4.483551172898553,
            1.4990711957742342,
            7.108621526006291,
            5.857217674800895,
            3.128792810334362,
            5.424976395340351,
            4.9347037043778
        ],
        [
            1.546774424407129,
            3.312663245788801,
            2.263205200594944,
            2.4748429808777765,
            2.5669160056378946,
            0.0,
            1.8099831187058102,
            3.9216065304923187,
            3.0281345561252744,
            2.4083189157584632,
            0.9540958494826399,
            5.058785207932828,
            1.7683941246226782,
            2.3658167490319264,
            2.849829429983486,
            3.921783891292329,
            3.5270637774216698,
            2.398250983529459,
            1.492557834725342,
            1.983660197715327,
            3.825647367439925,
            3.1007174798746187,
            2.947956731364967,
            1.0690364306233884,
            2.909838102025609,
            0.5522680508593674,
            1.8741285388147755,
            2.670029546652994,
            2.6543544940342834,
            1.4534441853748625,
            1.755168875065872,
            1.3462912017836304,
            1.8343936327844133,
            3.0427467492382596,
            3.5500082943565086,
            4.699394405665481,
            3.3431615112046265,
            2.0044373000919733,
            3.0265655271280667,
            3.116729774940395
        ],
        [
            2.0282984124630183,
            4.29980051281452,
            1.061637626499737,
            1.618114473700792,
            3.915295504811867,
            1.8099831187058102,
            0.0,
            2.414024533843844,
            1.330892768032045,
            2.706030097763145,
            2.284260882648914,
            3.3843328574476788,
            0.30729284078871677,
            0.7289909327282436,
            2.203309885150065,
            2.4762002705758666,
            1.7951323071016239,
            2.3812431396226645,
            0.7487441352024095,
            2.660249779625968,
            2.0866371150729597,
            2.5233822104469232,
            1.1753670830851108,
            2.8284271247461903,
            2.7978042980165716,
            1.3702951835279866,
            1.503520684925888,
            1.720602932114202,
            0.8462617148376698,
            2.969866813512016,
            3.4410708929052896,
            1.4411276452833757,
            2.1081956479416224,
            1.4826073148342376,
            4.3677449055548125,
            3.236290915538959,
            2.2321514285549706,
            1.3351462691405749,
            1.6007810593582101,
            1.328829138753359
        ],
        [
            4.440806235358618,
            6.712872377753057,
            3.1256999216175543,
            1.6710774967068387,
            6.296182618063106,
            3.9216065304923187,
            2.414024533843844,
            0.0,
            1.1559060904762104,
            5.066809428032597,
            4.622569031393687,
            1.2720499675720263,
            2.268795081094807,
            2.538687544775843,
            4.253673184437186,
            0.1862644625257353,
            2.4086810602485342,
            4.689212206757121,
            2.4299359847535076,
            5.071026633730097,
            0.9219544457292895,
            1.9350630196456118,
            2.145915760229186,
            4.989420251892997,
            5.025611958756863,
            3.6497531121981366,
            2.310315034795039,
            3.695207106509726,
            1.9619355544971384,
            5.283141847423747,
            5.67223334498855,
            3.8537783771254936,
            2.937205777605646,
            2.816692308364544,
            6.7672800215448445,
            0.8227001640938222,
            1.0106208240482677,
            3.603857501344911,
            0.8952454691312337,
            2.0446695698816475
        ],
        [
            3.328162491525917,
            5.596222734130586,
            1.9704717430097787,
            1.4202249434508591,
            5.246078006473027,
            3.0281345561252744,
            1.330892768032045,
            1.1559060904762104,
            0.0,
            3.9195712635440136,
            3.607606932580099,
            2.057800877150164,
            1.2671402645327,
            1.3837730232953678,
            3.109179777690572,
            1.2654200014224533,
            1.5023500124804479,
            3.5353266397887486,
            1.585571751766538,
            3.9520278908428788,
            0.8017099787329593,
            2.1634781672113084,
            1.063714143931538,
            4.087159840280289,
            3.870318391295476,
            2.6641938536825727,
            1.8392006116788928,
            2.552676808763693,
            0.8128188297523616,
            4.288417993852747,
            4.733487556759815,
            2.7447748341166367,
            2.563425226137872,
            1.7427016067015,
            5.6320511361314916,
            1.9666709053626636,
            1.4318364292055155,
            2.4505101509685683,
            0.6609807561495292,
            1.016415210433217
        ],
        [
            0.8748663440777709,
            1.8130244841148733,
            2.0138663759048185,
            4.211698918488833,
            2.0138862380978724,
            2.4083189157584632,
            2.706030097763145,
            5.066809428032597,
            3.9195712635440136,
            0.0,
            1.6401764813580286,
            5.841039957062439,
            2.941710009501279,
            2.5762315288032633,
            1.3322341310745631,
            5.151724846107372,
            3.386257357319435,
            0.4669558651521593,
            3.0899593670467613,
            0.5842497582370073,
            4.526492878598179,
            5.057130499601532,
            3.1448893287363875,
            2.4473248435792114,
            0.6883587582067902,
            2.070024154448447,
            3.8321896847624908,
            1.7036366337925466,
            3.1546850524259957,
            1.9059118552545977,
            2.483356152467865,
            1.346291201783626,
            4.092065493122027,
            2.707697874579068,
            1.7424118026459758,
            5.884809918765432,
            4.925777998448572,
            1.4802732484240897,
            4.301936644117392,
            3.3194102623809547
        ],
        [
            0.9173082633444428,
            2.3608174198781224,
            2.2973646750135215,
            3.3237651015076235,
            1.690622503695017,
            0.9540958494826399,
            2.284260882648914,
            4.622569031393687,
            3.607606932580099,
            1.6401764813580286,
            0.0,
            5.665166272052387,
            2.361524696038556,
            2.6162950903902202,
            2.459564776540756,
            4.650268809434566,
            3.7407937366286292,
            1.7784259585374929,
            2.239097041219963,
            1.120039682332729,
            4.370508488723023,
            4.01833243522733,
            3.2534596969994865,
            0.866860876957775,
            2.2526594172222265,
            0.9782274224330447,
            2.770763232396446,
            2.471907945292456,
            3.0567055615482452,
            0.6900281805839568,
            1.2303084531937527,
            1.1266671602563005,
            2.7881299987626105,
            3.14344220401775,
            2.5976581337812723,
            5.429548273107072,
            4.167562570616065,
            1.8496831566514265,
            3.743471354237931,
            3.4373825070829658
        ],
        [
            5.339002507959699,
            7.585027063893706,
            3.8280949726985583,
            2.937228475961646,
            7.294106906263436,
            5.058785207932828,
            3.3843328574476788,
            1.2720499675720263,
            2.057800877150164,
            5.841039957062439,
            5.665166272052387,
            0.0,
            3.3185087012090198,
            3.2704585137255595,
            4.818935106431708,
            1.3793980172524525,
            2.6651001650969883,
            5.417102546564904,
            3.5769853857682983,
            5.948108943185219,
            1.3233560065228056,
            3.157274845495712,
            2.7060300977631404,
            6.1253986719233176,
            5.66659823527308,
            4.719598264683124,
            3.563702507224752,
            4.273918057239746,
            2.70601182554696,
            6.346157717863619,
            6.783988502348744,
            4.765888981082122,
            4.206914282464044,
            3.266599999999997,
            7.580270737249427,
            0.9947741251158441,
            2.254162569558812,
            4.363967741631458,
            2.098303812606744,
            2.5424871464768497
        ],
        [
            2.216762905680262,
            4.476663440554807,
            1.3688064581963337,
            1.3234920173540883,
            4.027770544606533,
            1.7683941246226782,
            0.30729284078871677,
            2.268795081094807,
            1.2671402645327,
            2.941710009501279,
            2.361524696038556,
            3.3185087012090198,
            0.0,
            1.0067715182701549,
            2.5039999121405714,
            2.3109367992223406,
            1.9933586957695293,
            2.640549185302179,
            0.48368838108848866,
            2.8500000000000014,
            2.0592695598196964,
            2.2243008901675156,
            1.3602532448040707,
            2.8215649717842752,
            3.0731540085065694,
            1.4019692507326964,
            1.2011892273909262,
            2.027129882370635,
            0.9823441352194209,
            3.033912948652286,
            3.466987164671944,
            1.6354228138313367,
            1.8273034176074865,
            1.7503015625885685,
            4.568545113052952,
            3.0843987355722997,
            1.9841796516444772,
            1.6187385366389448,
            1.4119486145040812,
            1.4910670306864122
        ],
        [
            2.1019620477068526,
            4.318178885826754,
            0.5870898142533197,
            2.1952686509855646,
            4.113219475058434,
            2.3658167490319264,
            0.7289909327282436,
            2.538687544775843,
            1.3837730232953678,
            2.5762315288032633,
            2.6162950903902202,
            3.2704585137255595,
            1.0067715182701549,
            0.0,
            1.7400197958644024,
            2.6476404589747466,
            1.1628059941366011,
            2.1690064292205298,
            1.4755119653869289,
            2.6900332507238627,
            1.9514441959738467,
            3.1000928308681326,
            0.6403124237432885,
            3.296214158697819,
            2.4869347498476913,
            1.8503294004041495,
            2.2000770191063777,
            1.1931214900419802,
            0.5833000000000013,
            3.301201128377366,
            3.835420301609717,
            1.5624240429537661,
            2.832041470388451,
            0.7546117478544841,
            4.31136031665181,
            3.341461424287284,
            2.6357461524206,
            1.0960509933392673,
            1.8952988629764964,
            0.8260136197424365
        ],
        [
            1.5535632912758948,
            3.1100643080167982,
            1.1777162476590028,
            3.820742802126305,
            3.319438374183197,
            2.849829429983486,
            2.203309885150065,
            4.253673184437186,
            3.109179777690572,
            1.3322341310745631,
            2.459564776540756,
            4.818935106431708,
            2.5039999121405714,
            1.7400197958644024,
            0.0,
            4.3738803012885485,
            2.209503213394359,
            0.8800656566415909,
            2.8404567326400167,
            1.784067139992213,
            3.55766434054704,
            4.7266811242139015,
            2.1426546361931478,
            3.3249021714931675,
            0.8802676411183146,
            2.334842131708262,
            3.64177154692603,
            0.5590169943749483,
            2.296370083414257,
            2.9674564495540636,
            3.574036312070706,
            1.5040936739445407,
            4.113568740157381,
            1.5572411502397443,
            2.9609185888842005,
            5.036037243706602,
            4.360446588366837,
            0.9435724084562885,
            3.6334370023436477,
            2.2877114962337344
        ],
        [
            4.504289561073976,
            6.774941246239704,
            3.2333317878003176,
            1.6027989424753162,
            6.331035811776775,
            3.921783891292329,
            2.4762002705758666,
            0.1862644625257353,
            1.2654200014224533,
            5.151724846107372,
            4.650268809434566,
            1.3793980172524525,
            2.3109367992223406,
            2.6476404589747466,
            4.3738803012885485,
            0.0,
            2.5733747842084753,
            4.783453657139369,
            2.4359260169389376,
            5.136450027986256,
            1.1035825524173568,
            1.7908588889133574,
            2.2847319317591763,
            4.9864985490823095,
            5.132083831154749,
            3.6738289140894937,
            2.2546615910153784,
            3.816634497826586,
            2.0777581404003693,
            5.302945303319656,
            5.676027562477124,
            3.9172016657302713,
            2.8554787497020504,
            2.9601687266100214,
            6.840635042158002,
            0.7802592197468748,
            0.8759553527435038,
            3.698349331796551,
            0.9068063630125248,
            2.1922131511328935
        ],
        [
            3.115759048771261,
            5.19524921923867,
            1.476923982471678,
            2.825336165839384,
            5.141059121426245,
            3.5270637774216698,
            1.7951323071016239,
            2.4086810602485342,
            1.5023500124804479,
            3.386257357319435,
            3.7407937366286292,
            2.6651001650969883,
            1.9933586957695293,
            1.1628059941366011,
            2.209503213394359,
            2.5733747842084753,
            0.0,
            2.928202330782488,
            2.4735011178489517,
            3.6381284872857367,
            1.5356706840986458,
            3.6448659481522783,
            0.634174881243335,
            4.452246623896748,
            3.0844219701590774,
            3.0127809230012046,
            3.05743429201676,
            1.702293878858759,
            1.0345090091439555,
            4.415229200166173,
            4.968905200343432,
            2.6402630342448834,
            3.7594718897738817,
            0.6785679405925394,
            5.113020199451594,
            3.0731952248433556,
            2.930017064796724,
            2.013304636660831,
            2.163330765278397,
            0.5401174687047267
        ],
        [
            0.880140772831257,
            2.278160565017315,
            1.5921404209428267,
            3.9437179310898984,
            2.4407407809925257,
            2.398250983529459,
            2.3812431396226645,
            4.689212206757121,
            3.5353266397887486,
            0.4669558651521593,
            1.7784259585374929,
            5.417102546564904,
            2.640549185302179,
            2.1690064292205298,
            0.8800656566415909,
            4.783453657139369,
            2.928202330782488,
            0.0,
            2.848110680784722,
            0.9192388155425136,
            4.109972155623443,
            4.81511105271727,
            2.713169528429802,
            2.633841090498819,
            0.5133766258800615,
            1.9760839506458223,
            3.621788999928078,
            1.2384488523956068,
            2.7518175811634022,
            2.179224123398056,
            2.778938646318051,
            1.1571507161990597,
            3.9558093710390043,
            2.2501234543908906,
            2.187348726197999,
            5.501617540323936,
            4.613334898964089,
            1.0854512656033908,
            3.9565753992562804,
            2.8837009016193043
        ],
        [
            2.2887060907857966,
            4.487049637568098,
            1.7666490568304725,
            1.134468549586102,
            3.929550723683308,
            1.492557834725342,
            0.7487441352024095,
            2.4299359847535076,
            1.585571751766538,
            3.0899593670467613,
            2.239097041219963,
            3.5769853857682983,
            0.48368838108848866,
            1.4755119653869289,
            2.8404567326400167,
            2.4359260169389376,
            2.4735011178489517,
            2.848110680784722,
            0.0,
            2.9071712109884436,
            2.386325394827792,
            1.9697715603592205,
            1.839525906313911,
            2.561370293417176,
            3.3160667800875188,
            1.263368073840715,
            0.8013641182383962,
            2.4067373039033555,
            1.4522618393388973,
            2.873480274858347,
            3.242513600588284,
            1.7446056545821502,
            1.359911353728614,
            2.2259794361134593,
            4.624603526790163,
            3.2155993049507905,
            1.9368189848305384,
            1.9128193275895131,
            1.5355806002942318,
            1.9633436428705
        ],
        [
            0.6335201496400904,
            1.6442005838704707,
            2.184378886548761,
            4.041597595011161,
            1.5493339084909996,
            1.983660197715327,
            2.660249779625968,
            5.071026633730097,
            3.9520278908428788,
            0.5842497582370073,
            1.120039682332729,
            5.948108943185219,
            2.8500000000000014,
            2.6900332507238627,
            1.784067139992213,
            5.136450027986256,
            3.6381284872857367,
            0.9192388155425136,
            2.9071712109884436,
            0.0,
            4.624767142246194,
            4.8399591372241995,
            3.304993024198388,
            1.8824794527431112,
            1.2675865098682584,
            1.7487732214326714,
            3.5903670508737715,
            2.038905480889194,
            3.242298567374695,
            1.3218614829096171,
            1.9006577808748197,
            1.2195481868298599,
            3.7578887397047835,
            2.9684062323071614,
            1.7217678269731953,
            5.8937267971971705,
            4.813986797863078,
            1.633460881074292,
            4.253950974094553,
            3.4878676709416596
        ],
        [
            4.016279375242714,
            6.262259620935563,
            2.517935662402835,
            2.0500000000000007,
            5.980956074073779,
            3.825647367439925,
            2.0866371150729597,
            0.9219544457292895,
            0.8017099787329593,
            4.526492878598179,
            4.370508488723023,
            1.3233560065228056,
            2.0592695598196964,
            1.9514441959738467,
            3.55766434054704,
            1.1035825524173568,
            1.5356706840986458,
            4.109972155623443,
            2.386325394827792,
            4.624767142246194,
            0.0,
            2.6104461093843727,
            1.4170936631006459,
            4.880661271795043,
            4.383685157490215,
            3.444891548365493,
            2.5692013467223673,
            3.0029644619941807,
            1.3828778398687307,
            5.056497580341559,
            5.517915468725488,
            3.4450236254632594,
            3.2792922681578736,
            2.036417334438105,
            6.262802798268522,
            1.5384263258277917,
            1.722757803639272,
            3.0470328009393017,
            1.1480437491663866,
            1.271917312563991
        ],
        [
            4.2377559592312535,
            6.359790440729946,
            3.572244237170799,
            0.9093398099720508,
            5.6675822790675054,
            3.1007174798746187,
            2.5233822104469232,
            1.9350630196456118,
            2.1634781672113084,
            5.057130499601532,
            4.01833243522733,
            3.157274845495712,
            2.2243008901675156,
            3.1000928308681326,
            4.7266811242139015,
            1.7908588889133574,
            3.6448659481522783,
            4.81511105271727,
            1.9697715603592205,
            4.8399591372241995,
            2.6104461093843727,
            0.0,
            3.1076189534754763,
            4.045671486910424,
            5.274127310750092,
            3.1117228170259645,
            1.2551910014017778,
            4.233875818915805,
            2.7281173820053977,
            4.550121854412254,
            4.75683239666903,
            3.7108447677045215,
            1.4339033754057502,
            3.726701550969701,
            6.538620479887178,
            2.3238328016447305,
            0.9263410710963847,
            3.8373790248032558,
            1.5247451524763047,
            3.1224282633873273
        ],
        [
            2.730985984951222,
            4.918329888285251,
            1.1334436245354236,
            2.2514938263295328,
            4.7488940238754545,
            2.947956731364967,
            1.1753670830851108,
            2.145915760229186,
            1.063714143931538,
            3.1448893287363875,
            3.2534596969994865,
            2.7060300977631404,
            1.3602532448040707,
            0.6403124237432885,
            2.1426546361931478,
            2.2847319317591763,
            0.634174881243335,
            2.713169528429802,
            1.839525906313911,
            3.304993024198388,
            1.4170936631006459,
            3.1076189534754763,
            0.0,
            3.9134496010553144,
            2.967872040705259,
            2.4550109755355467,
            2.435906174301471,
            1.586454818140117,
            0.4085815585657345,
            3.939706701012148,
            4.4684615797833604,
            2.201029052511575,
            3.1311050589208933,
            0.6802491381839402,
            4.88717584909731,
            2.9032368918157556,
            2.4753217528232594,
            1.6816622074602254,
            1.6977095688014523,
            0.18600672030870094
        ],
        [
            1.7834781888209346,
            2.6997563686377313,
            3.064942813495871,
            3.505009907261317,
            1.7500682529547265,
            1.0690364306233884,
            2.8284271247461903,
            4.989420251892997,
            4.087159840280289,
            2.4473248435792114,
            0.866860876957775,
            6.1253986719233176,
            2.8215649717842752,
            3.296214158697819,
            3.3249021714931675,
            4.9864985490823095,
            4.452246623896748,
            2.633841090498819,
            2.561370293417176,
            1.8824794527431112,
            4.880661271795043,
            4.045671486910424,
            3.9134496010553144,
            0.0,
            3.0920719412717395,
            1.4644141798002372,
            2.874191094899571,
            3.310721137456306,
            3.6582726647968675,
            0.6977885711302505,
            0.7125790412298159,
            1.9348511286401344,
            2.6666999999999987,
            3.8985284980361468,
            3.034929251234698,
            5.76253233309801,
            4.379783099652309,
            2.6676235791430516,
            4.09420321918685,
            4.090890719635515
        ],
        [
            1.3793073986606441,
            2.287310892729714,
            1.8999198825213675,
            4.390231834425145,
            2.6655205870523644,
            2.909838102025609,
            2.7978042980165716,
            5.025611958756863,
            3.870318391295476,
            0.6883587582067902,
            2.2526594172222265,
            5.66659823527308,
            3.0731540085065694,
            2.4869347498476913,
            0.8802676411183146,
            5.132083831154749,
            3.0844219701590774,
            0.5133766258800615,
            3.3160667800875188,
            1.2675865098682584,
            4.383685157490215,
            5.274127310750092,
            2.967872040705259,
            3.0920719412717395,
            0.0,
            2.488412702909223,
            4.100491570531516,
            1.3955038946559786,
            3.0663880315446064,
            2.584160943130285,
            3.1681785871380375,
            1.6617423927913695,
            4.457828819055302,
            2.4224844932424245,
            2.0988674207772147,
            5.826019224135808,
            5.022964153764189,
            1.4653922512419686,
            4.337457652819218,
            3.1249753039024157
        ],
        [
            1.1975437862558505,
            3.254027931656395,
            1.7128332610035295,
            2.366758918859289,
            2.667226608295592,
            0.5522680508593674,
            1.3702951835279866,
            3.6497531121981366,
            2.6641938536825727,
            2.070024154448447,
            0.9782274224330447,
            4.719598264683124,
            1.4019692507326964,
            1.8503294004041495,
            2.334842131708262,
            3.6738289140894937,
            3.0127809230012046,
            1.9760839506458223,
            1.263368073840715,
            1.7487732214326714,
            3.444891548365493,
            3.1117228170259645,
            2.4550109755355467,
            1.4644141798002372,
            2.488412702909223,
            0.0,
            1.8566953923570788,
            2.124621796932333,
            2.194059657347535,
            1.6347782724271838,
            2.0733831724985152,
            0.850000000000001,
            2.024845673131659,
            2.503650890200144,
            3.4279569556807457,
            4.453576964643139,
            3.1974050243908723,
            1.4615399036632517,
            2.76708671530185,
            2.6302536930874143
        ],
        [
            2.996399322520283,
            5.105389309347526,
            2.5535926769945134,
            0.6609807561495273,
            4.435406533791466,
            1.8741285388147755,
            1.503520684925888,
            2.310315034795039,
            1.8392006116788928,
            3.8321896847624908,
            2.770763232396446,
            3.563702507224752,
            1.2011892273909262,
            2.2000770191063777,
            3.64177154692603,
            2.2546615910153784,
            3.05743429201676,
            3.621788999928078,
            0.8013641182383962,
            3.5903670508737715,
            2.5692013467223673,
            1.2551910014017778,
            2.435906174301471,
            2.874191094899571,
            4.100491570531516,
            1.8566953923570788,
            0.0,
            3.2015621187164243,
            2.0275984710982597,
            3.3274055628973165,
            3.5856067213234657,
            2.4896039403889176,
            0.7261389536445448,
            2.9261749776799064,
            5.284193305510315,
            2.9934647350520116,
            1.527905249025606,
            2.7131142419736043,
            1.479143147230854,
            2.520385662949227
        ],
        [
            1.641495933592279,
            3.516390194503449,
            0.6616914386630668,
            3.324739923663197,
            3.5855586900788534,
            2.670029546652994,
            1.720602932114202,
            3.695207106509726,
            2.552676808763693,
            1.7036366337925466,
            2.471907945292456,
            4.273918057239746,
            2.027129882370635,
            1.1931214900419802,
            0.5590169943749483,
            3.816634497826586,
            1.702293878858759,
            1.2384488523956068,
            2.4067373039033555,
            2.038905480889194,
            3.0029644619941807,
            4.233875818915805,
            1.586454818140117,
            3.310721137456306,
            1.3955038946559786,
            2.124621796932333,
            3.2015621187164243,
            0.0,
            1.7399872298381953,
            3.064037822873602,
            3.6637379218497563,
            1.383773023295362,
            3.727462646358776,
            1.0307764064044151,
            3.4141175858485022,
            4.4770784134299,
            3.8254927068287525,
            0.6666999999999987,
            3.088327128074354,
            1.73581217013823
        ],
        [
            2.6373581061357574,
            4.879427790222947,
